MODEL TopLayers(
  (layer1): ConvTranspose2d(1280, 512, kernel_size=(4, 4), stride=(2, 2), padding=(1, 1))
  (layer2): ConvTranspose2d(512, 256, kernel_size=(4, 4), stride=(2, 2), padding=(1, 1))
  (layer3): ConvTranspose2d(256, 128, kernel_size=(4, 4), stride=(2, 2), padding=(1, 1))
  (layer4): ConvTranspose2d(128, 64, kernel_size=(4, 4), stride=(2, 2), padding=(1, 1))
  (layer5): ConvTranspose2d(64, 32, kernel_size=(4, 4), stride=(2, 2), padding=(1, 1))
  (layer6): Conv2d(32, 1, kernel_size=(1, 1), stride=(1, 1))
  (regularise): Dropout(p=0.5, inplace=False)
):
Model Parameters with their values:
  layer1.weight: Parameter containing:
tensor([[[[-8.1176e-03,  4.2425e-03, -5.5207e-03, -9.3098e-03],
          [-2.3835e-03, -1.0553e-02, -2.0213e-03, -2.4270e-03],
          [-1.9881e-02, -2.1375e-02, -1.7434e-02, -6.1948e-03],
          [-1.5662e-02, -8.2731e-03, -1.7664e-02, -4.7831e-03]],

         [[ 1.0354e-02, -5.2154e-04,  4.3548e-03,  7.8405e-05],
          [ 1.2831e-02,  2.1512e-02,  1.5354e-02,  1.1923e-02],
          [ 2.6983e-02,  2.0315e-02,  2.0886e-02,  1.5824e-02],
          [ 9.3914e-03,  5.1763e-03,  1.9093e-02,  1.6356e-02]],

         [[-9.3182e-03,  4.5015e-03,  1.7386e-03, -1.2404e-02],
          [-5.1839e-03, -1.2187e-02, -2.0121e-02, -1.0804e-02],
          [-1.7185e-02, -1.2838e-02, -3.8761e-04, -8.0874e-03],
          [-9.5396e-03,  8.0595e-05,  1.9937e-03, -1.9688e-02]],

         ...,

         [[-1.9152e-03,  5.2113e-03, -5.3069e-03,  1.7452e-02],
          [ 1.7430e-02,  1.2172e-02,  2.4561e-02,  1.8003e-02],
          [ 1.8257e-02,  2.1674e-02,  3.7990e-03,  1.2495e-02],
          [ 1.4360e-02, -5.5599e-03,  5.2672e-03,  2.2620e-02]],

         [[ 8.0590e-03, -5.2855e-04, -9.4582e-03, -1.5742e-02],
          [-7.4425e-04, -6.2347e-03, -7.7130e-03, -3.1238e-03],
          [-5.0794e-03, -6.8242e-03, -1.0759e-02, -1.3445e-02],
          [ 4.4495e-03,  2.8168e-03, -4.2564e-03, -5.2036e-03]],

         [[-8.1765e-03, -4.3424e-03, -1.4562e-02, -8.3841e-03],
          [-1.0598e-02, -1.2776e-02, -8.0744e-03,  3.0974e-03],
          [-1.7325e-02, -1.3921e-02, -1.9346e-03, -1.5998e-02],
          [-8.7574e-03, -7.4380e-03,  3.5849e-03, -6.6428e-03]]],


        [[[-1.8584e-02, -1.4317e-02, -1.7054e-03, -3.4999e-03],
          [-5.0784e-03, -1.5808e-02, -6.5409e-03, -4.5371e-03],
          [ 8.7287e-04, -1.0286e-03, -1.4885e-02, -1.3851e-02],
          [ 2.1882e-04, -1.5394e-02, -7.8759e-03,  1.0383e-02]],

         [[ 4.7123e-03,  1.9387e-02,  1.8228e-02, -1.2583e-02],
          [ 1.3281e-02,  4.6539e-03,  1.7848e-02,  1.4499e-02],
          [ 9.8891e-03,  7.3428e-03,  1.5262e-02, -5.4128e-03],
          [-7.7744e-04,  9.5744e-03, -4.0268e-03,  3.3594e-03]],

         [[-5.3561e-03, -1.7691e-02, -8.1650e-03,  5.3010e-04],
          [-1.1722e-02, -1.4100e-02, -6.9829e-03, -1.3927e-02],
          [ 6.1102e-03, -7.2801e-03,  2.4220e-03, -1.6877e-02],
          [ 7.2528e-03, -1.9244e-02, -5.3218e-03, -8.0861e-03]],

         ...,

         [[ 9.2287e-03,  1.9115e-02,  6.4470e-03, -8.3505e-03],
          [ 9.2465e-03,  1.3134e-02,  1.1553e-02,  5.4831e-03],
          [-4.1053e-04,  5.2058e-03,  1.6373e-02,  6.8784e-03],
          [ 1.2213e-02,  5.4728e-03,  9.7957e-03, -8.9728e-03]],

         [[-5.6815e-03, -1.6025e-02, -1.1715e-02,  1.1886e-02],
          [-1.8595e-03, -1.1497e-02, -8.7002e-03, -3.9802e-03],
          [-3.4626e-03, -8.4794e-03, -1.3574e-02, -8.8115e-03],
          [-2.3997e-03,  4.8861e-03, -4.3800e-04,  8.0301e-03]],

         [[-3.1848e-03,  3.5745e-03, -1.6371e-02, -1.6402e-03],
          [-3.3475e-03, -4.2973e-03, -1.3035e-02,  1.6259e-03],
          [-1.3255e-02, -1.5911e-02, -1.3351e-02, -3.6503e-03],
          [-2.7845e-03,  3.0216e-03,  4.5721e-03,  8.0340e-03]]],


        [[[ 9.1413e-03,  2.3135e-03, -5.7382e-03, -6.5243e-03],
          [-1.1223e-02,  2.8445e-03, -3.2127e-03, -7.9667e-03],
          [-1.2002e-02, -1.2073e-02, -1.7408e-02,  3.7826e-03],
          [ 9.4714e-03, -5.0378e-03, -1.0006e-03, -1.0135e-02]],

         [[-6.3740e-03,  2.3592e-03,  1.8002e-02,  1.3129e-02],
          [-4.8248e-03,  1.0037e-04,  2.0215e-02,  1.3875e-02],
          [-5.7151e-03,  9.3603e-03,  1.8819e-02,  1.5025e-02],
          [ 2.7012e-03,  1.1988e-02,  1.2900e-02,  4.0532e-03]],

         [[ 6.2651e-04,  1.4079e-02, -3.0945e-03,  2.4899e-03],
          [ 2.9178e-04, -8.4563e-03, -1.9114e-02, -1.0520e-02],
          [-8.1307e-03, -1.3869e-02, -1.9060e-02,  3.9941e-03],
          [ 5.6576e-03, -7.2126e-03, -7.7146e-03, -9.2403e-03]],

         ...,

         [[-1.8442e-02,  1.2862e-02,  6.3196e-03,  5.4370e-03],
          [ 1.4710e-02,  1.3304e-02,  2.4293e-02,  2.7521e-03],
          [-5.2745e-03,  6.9397e-03,  1.7146e-02,  5.5268e-03],
          [-7.7641e-03,  7.5565e-03,  4.0929e-03, -4.7616e-03]],

         [[ 9.4033e-03, -8.5492e-04,  1.6919e-03, -1.1269e-02],
          [ 3.6324e-03, -5.8771e-03, -7.3749e-03, -1.2682e-03],
          [-1.0892e-02, -9.1068e-03, -1.5937e-02, -1.0156e-02],
          [ 8.7069e-03, -8.2121e-03, -2.0368e-03, -5.1882e-03]],

         [[ 1.5663e-02, -9.9211e-03, -2.7491e-03, -9.3878e-03],
          [ 1.2120e-02, -1.2476e-02, -3.0374e-03, -7.7065e-03],
          [-9.6175e-03, -4.6693e-03, -9.7861e-03,  6.9697e-03],
          [ 8.7472e-05, -4.3135e-03,  4.0400e-03, -6.5741e-03]]],


        ...,


        [[[-6.0158e-03, -1.0358e-02, -1.8455e-04,  1.2429e-02],
          [-1.1739e-02,  3.1984e-03, -1.9285e-02,  2.5931e-03],
          [-9.1620e-03, -1.9079e-02, -7.2933e-03,  3.3274e-03],
          [ 9.6935e-03, -4.4428e-03,  8.0667e-04,  1.0907e-02]],

         [[ 4.1025e-03,  1.2545e-02,  4.4207e-03, -1.3998e-02],
          [ 7.7282e-03,  8.1971e-04, -7.1891e-04, -7.4400e-03],
          [ 1.2921e-02,  1.4241e-02,  1.8473e-02,  8.3286e-03],
          [-3.6358e-03,  9.4583e-03, -8.0898e-03,  2.4897e-03]],

         [[ 1.0329e-03, -1.6740e-02, -8.1415e-04,  4.6525e-03],
          [-1.0985e-02, -1.8641e-02,  3.2125e-03, -1.2027e-02],
          [ 4.8363e-03, -1.2904e-02, -5.2744e-03, -1.8166e-02],
          [-1.2850e-02, -1.8495e-02, -1.3518e-02,  1.1486e-02]],

         ...,

         [[ 3.5683e-03,  8.9865e-03, -2.0849e-03, -1.7467e-02],
          [ 1.0719e-03,  1.8515e-02,  1.5460e-02,  4.8537e-03],
          [ 5.5855e-04,  1.5029e-02,  5.3037e-03,  6.5823e-03],
          [-5.8382e-03,  1.3837e-03,  6.6956e-03, -7.8219e-04]],

         [[ 9.8610e-03, -1.0120e-02, -1.3366e-02, -8.3042e-03],
          [-5.4024e-03, -7.1037e-03, -1.1500e-02,  4.5576e-04],
          [ 2.5144e-03, -1.3021e-02, -7.8046e-03, -8.6484e-03],
          [-2.8987e-03, -1.2788e-02, -1.0808e-02,  3.1815e-05]],

         [[-5.5034e-03, -7.2641e-03, -1.2612e-02,  1.8236e-03],
          [ 1.2332e-03, -5.9381e-03, -7.0342e-03,  8.1250e-04],
          [-9.2750e-03, -5.7238e-03, -1.9628e-02, -1.7928e-03],
          [ 3.0930e-03, -1.0291e-02,  6.7638e-03,  6.9856e-03]]],


        [[[-3.8486e-03, -2.5743e-03, -7.9913e-03, -8.7796e-03],
          [-6.8735e-03, -1.5537e-03, -1.2890e-02, -8.6027e-03],
          [-8.3167e-03, -2.0421e-02, -1.8540e-02, -1.2952e-02],
          [ 1.2984e-02, -7.5885e-04, -2.4325e-03, -9.9665e-04]],

         [[ 7.2757e-03,  3.4438e-03,  1.2119e-02, -5.1084e-03],
          [ 4.6193e-03,  2.2537e-02,  1.7449e-02, -3.5317e-03],
          [-8.1916e-03,  2.8605e-03,  1.9294e-02, -3.6253e-03],
          [-8.6820e-03,  1.3606e-02, -8.0265e-03, -4.6584e-03]],

         [[ 2.1498e-04, -9.3214e-03, -4.7816e-04,  1.8175e-02],
          [-6.7637e-03, -5.1393e-03, -2.2859e-02, -8.7073e-03],
          [-1.5206e-02, -9.7698e-03, -1.6292e-02,  7.4726e-03],
          [ 5.0588e-03,  9.9139e-03, -3.5183e-03,  6.3587e-03]],

         ...,

         [[ 1.5795e-03,  1.2712e-02, -1.8606e-03, -1.2301e-02],
          [ 1.0678e-02,  2.1001e-02,  1.5994e-02,  3.7288e-03],
          [ 5.7507e-03,  1.0820e-03,  5.8261e-03, -8.5973e-03],
          [-8.2813e-03,  1.9395e-03, -3.0271e-03, -2.2666e-02]],

         [[-6.3872e-03, -1.6854e-02,  9.5736e-03,  4.9737e-03],
          [ 4.1286e-03, -1.8659e-02, -4.5933e-03, -1.2643e-02],
          [ 4.1238e-03, -7.3624e-03, -8.0313e-04, -2.2614e-03],
          [-2.0308e-03,  5.4689e-03, -1.1419e-02,  8.8848e-03]],

         [[-3.4852e-03, -1.0771e-02,  4.8377e-03,  7.3881e-03],
          [ 5.0408e-03, -1.2953e-02,  5.9126e-03, -2.3622e-03],
          [ 5.0721e-03, -1.0785e-02, -1.1212e-02, -2.5777e-03],
          [ 8.8814e-03, -1.2522e-02, -1.6775e-03, -4.8605e-04]]],


        [[[ 8.7724e-03,  6.9474e-03, -5.1279e-03,  3.9840e-03],
          [-4.9644e-03,  5.1682e-03,  9.3214e-05,  1.5421e-03],
          [ 2.8663e-03,  6.6970e-03,  2.4832e-03,  1.3852e-02],
          [ 1.9605e-02,  3.8655e-03, -8.0003e-03,  1.1814e-02]],

         [[-1.0959e-02, -8.8653e-03,  6.0195e-03, -1.8442e-02],
          [ 1.6356e-03, -4.7439e-03, -4.8355e-04, -3.8072e-03],
          [-1.5103e-02,  6.9429e-03,  7.4072e-03, -1.0519e-02],
          [-4.5583e-03, -1.4484e-02, -2.5154e-03, -1.5508e-02]],

         [[ 6.7730e-03, -1.4470e-02, -9.6882e-03,  8.0509e-03],
          [-8.2702e-04, -4.9756e-03,  1.0676e-02, -1.2525e-02],
          [ 2.0128e-02,  1.1945e-03,  1.4226e-02,  3.9204e-03],
          [ 1.6345e-02,  3.6726e-03,  1.1823e-02,  3.5355e-03]],

         ...,

         [[-4.6689e-03, -3.9479e-03, -9.6959e-03,  1.0587e-02],
          [ 1.1808e-03, -7.9580e-03,  1.8823e-03,  7.8688e-03],
          [-8.4131e-03,  4.9516e-03, -1.2431e-02, -1.0040e-02],
          [-1.8828e-02,  2.4932e-03,  6.7990e-03, -1.5975e-02]],

         [[ 6.0608e-03,  2.4171e-03, -4.8782e-03,  1.0238e-02],
          [-3.4690e-03, -2.7021e-03,  9.3299e-04, -3.1864e-04],
          [ 3.1034e-04,  8.4494e-03,  2.3673e-03,  2.2799e-02],
          [ 1.4431e-02, -3.9395e-03, -1.0389e-02,  3.0224e-03]],

         [[-3.9390e-03,  8.1516e-03, -1.3606e-02, -2.9546e-03],
          [-3.3180e-03, -3.8407e-03,  1.8861e-03,  3.9307e-03],
          [-7.4132e-03, -6.0749e-03, -1.4562e-02, -2.9671e-03],
          [-9.5964e-04, -3.5113e-03,  3.9062e-03,  4.8530e-03]]]],
       device='cuda:0', requires_grad=True)
  layer1.bias: Parameter containing:
tensor([ 8.9922e-03, -7.2140e-03,  1.0770e-02,  1.3118e-02,  5.8715e-03,
        -1.7942e-03, -5.5078e-03,  9.0507e-03,  2.1686e-03, -6.7784e-03,
        -7.1166e-03,  6.7588e-04,  1.0996e-02,  9.1871e-03,  1.9058e-03,
         4.6495e-03,  5.6192e-03, -8.3099e-04,  9.1896e-03,  4.9532e-04,
         3.5245e-04, -5.0305e-03, -1.3686e-02, -2.8742e-03, -5.1347e-03,
        -5.7784e-03,  1.8062e-03, -1.2773e-02, -7.2466e-03, -5.7252e-03,
        -3.0363e-03,  2.6601e-04, -2.2826e-03, -2.0217e-03,  1.3993e-03,
        -6.2455e-03, -2.1408e-03,  9.4722e-03, -4.1458e-03,  2.7261e-03,
         3.3123e-03,  1.1459e-02, -1.2828e-02,  7.1896e-03,  7.0128e-03,
        -7.3652e-03, -1.3545e-02, -9.0045e-04, -4.2967e-03,  1.1117e-02,
        -2.4809e-03, -1.5326e-02,  6.7796e-03, -1.1078e-02, -3.1469e-03,
         3.3677e-03, -4.7099e-04, -4.6717e-03, -4.9208e-03,  5.8175e-03,
        -8.0471e-03,  7.4818e-03, -3.1807e-03, -6.5629e-03, -1.1356e-05,
         5.6042e-03,  6.1882e-03, -2.9523e-03, -2.9230e-03,  1.4957e-02,
         1.5984e-02,  1.3436e-02, -1.5564e-02,  5.4068e-03,  7.5214e-04,
        -9.6835e-03,  8.0647e-03, -4.4504e-03,  2.3100e-03, -2.2298e-03,
        -2.2343e-03, -1.8658e-03, -5.4277e-03,  1.2885e-02,  9.7101e-03,
         3.1503e-03,  8.9987e-03, -3.9128e-03,  1.2113e-02, -2.1272e-03,
         7.8015e-03, -1.3879e-02, -4.0279e-03,  7.1447e-03, -4.4239e-03,
         2.7452e-03, -1.0680e-02, -4.0643e-03,  7.2171e-03,  5.0008e-03,
         3.5872e-03,  5.1479e-04,  9.1605e-03, -1.1396e-02,  4.9804e-03,
         1.1523e-02,  1.4012e-02, -7.4640e-03,  4.7615e-03,  3.5332e-03,
        -7.2198e-03,  9.8620e-03, -5.4387e-03,  2.1904e-03,  3.8899e-04,
         5.2022e-03,  2.2643e-04, -8.4970e-03,  3.2547e-03, -7.8555e-03,
        -5.7694e-03, -6.1893e-04, -4.0183e-03, -1.1530e-02,  8.0031e-03,
         1.3846e-03,  1.0074e-02, -8.1960e-03, -8.3240e-03,  3.6047e-03,
         4.0452e-03,  3.7726e-03,  1.3878e-02,  5.0876e-03,  6.3009e-03,
        -4.2355e-03, -8.7912e-03, -6.1830e-03, -1.3460e-02, -1.3449e-02,
         2.5602e-03,  3.5773e-03, -2.4061e-03,  3.6680e-03, -4.4751e-04,
         6.4170e-03, -4.9232e-03,  8.0869e-04,  2.9946e-03, -1.1181e-02,
        -5.2995e-03, -4.0356e-03, -2.6240e-03,  1.2197e-02, -3.8392e-03,
         1.7365e-02,  8.7778e-03,  1.4431e-02,  1.6422e-02,  1.5071e-02,
         7.2259e-03,  1.4559e-02,  6.0862e-03,  2.4335e-03, -9.8252e-03,
        -7.3341e-03, -1.0262e-02,  7.1960e-03, -1.1585e-02, -8.3850e-03,
         1.5478e-02,  8.1659e-04,  2.4441e-04, -3.4015e-03,  3.1172e-04,
        -1.0468e-03,  1.2448e-03,  1.8677e-03,  5.9703e-03,  1.5615e-02,
        -4.1283e-04, -2.8050e-03, -1.3474e-03, -7.9383e-03,  1.4212e-02,
         1.1137e-02,  1.2122e-02,  5.3810e-03,  3.8560e-03, -4.5283e-03,
        -7.2021e-03,  9.2733e-03,  3.9809e-03, -3.1744e-03, -6.3818e-03,
        -8.2521e-03,  5.9270e-03,  6.1832e-03,  5.8833e-03, -7.5468e-03,
         4.0115e-03,  1.1492e-02, -8.2205e-03, -7.2900e-03,  1.2257e-02,
        -9.3217e-03,  1.0799e-02, -2.0666e-03,  1.2180e-02, -1.4533e-02,
         3.4957e-03, -1.2030e-02,  1.3804e-03, -1.2497e-02,  1.0396e-02,
        -8.9041e-03, -9.1007e-03, -2.1702e-03, -1.2168e-02, -2.9064e-03,
         9.0870e-03,  1.0169e-02,  3.1220e-03, -3.7301e-03,  7.7081e-03,
        -3.1593e-03,  1.2170e-02,  8.9890e-03,  4.1154e-03, -6.8655e-03,
         1.4206e-03,  1.2312e-02, -5.3489e-03,  5.7536e-03, -4.8455e-04,
        -8.6016e-03,  2.4340e-03,  5.4096e-03,  4.9512e-03,  8.2415e-03,
        -9.6820e-03,  9.9419e-03,  2.9032e-03, -7.9391e-03,  7.5564e-03,
        -3.6124e-03, -6.1669e-03,  1.5673e-02,  7.7752e-03,  1.0518e-03,
         7.5325e-03,  8.2824e-03, -9.1067e-03,  9.8532e-03,  1.2382e-03,
        -1.7241e-02, -2.5418e-04, -2.7513e-03,  1.1540e-04,  1.0825e-02,
         7.2259e-03, -6.9197e-03, -4.5602e-03,  6.9009e-03,  2.2293e-03,
        -1.0410e-02, -2.1828e-03, -5.9454e-04,  8.7494e-03,  2.1463e-03,
         6.2253e-05,  1.1254e-02,  1.1583e-02,  8.4236e-03, -3.2689e-03,
        -3.6105e-03,  4.4560e-03,  4.2816e-03, -7.5335e-03, -3.0720e-03,
         3.5982e-04,  1.1966e-02, -1.3345e-02, -1.2498e-03,  3.0678e-03,
        -4.1822e-03,  1.1271e-02,  6.7874e-03, -7.3549e-03,  1.2241e-02,
         8.9626e-03,  3.0783e-03,  3.6307e-03, -6.5533e-03, -8.2877e-03,
        -6.9021e-03,  6.6618e-03,  8.1966e-03,  9.0303e-03,  1.8492e-03,
         1.6866e-02,  1.0743e-02,  4.2678e-03, -1.8850e-03, -5.9723e-03,
         5.6124e-03,  4.6176e-03,  1.1767e-02, -4.4131e-03,  6.0132e-03,
         4.6580e-03, -8.2904e-03, -1.9887e-03, -3.4790e-03, -1.7368e-03,
        -1.6564e-02, -2.0467e-03, -8.7834e-03,  4.5451e-03,  3.3294e-03,
        -7.5561e-03, -8.7968e-03, -1.2493e-02,  5.7402e-03,  6.2102e-03,
        -9.9483e-03, -3.0035e-03, -9.7879e-03, -1.5648e-03,  5.9975e-03,
        -9.9631e-03, -1.0854e-02,  7.7370e-03, -8.9764e-03, -4.9850e-03,
        -8.4179e-03, -6.6109e-03,  5.3904e-03,  8.4093e-03,  9.0166e-03,
        -9.6295e-03, -1.5729e-02,  3.1000e-03,  1.5374e-03,  6.0034e-03,
        -5.4340e-03,  1.1164e-02,  9.5703e-03,  6.5027e-03, -1.3114e-02,
         5.7755e-03,  2.8019e-03, -1.0897e-02, -5.6186e-03, -5.6252e-03,
        -7.0542e-03,  1.3384e-02, -3.1688e-03,  1.2802e-02,  8.4664e-03,
        -8.9016e-03, -1.9189e-03, -1.8562e-03,  6.9236e-03, -6.3028e-03,
        -2.3566e-03,  1.7695e-02,  7.9915e-03, -3.6277e-03, -2.5208e-04,
        -9.0933e-03, -9.5985e-03,  4.8512e-03, -1.1273e-02,  5.4277e-03,
        -2.0407e-03, -2.5611e-03,  1.1081e-02,  1.9071e-03,  8.1848e-03,
        -8.3986e-04,  5.2698e-03,  1.7787e-03, -2.1871e-03, -5.7695e-03,
        -6.4651e-03, -2.0702e-04, -8.6607e-03, -7.2971e-04, -1.4161e-02,
        -3.0062e-03,  9.5865e-03, -2.7773e-03,  9.2218e-03,  1.1427e-02,
        -1.3155e-03, -6.5771e-03, -6.6161e-04, -4.7370e-03, -4.6444e-03,
        -1.0928e-02, -1.5805e-03, -1.0673e-03, -8.9026e-05, -8.8126e-03,
         2.0228e-03, -3.8136e-03,  9.0548e-03, -2.6457e-03, -4.3023e-03,
         6.9552e-04, -3.5248e-03,  8.0626e-03,  6.8335e-03, -1.0836e-02,
         9.2952e-03,  7.7495e-03,  4.7519e-03, -8.6943e-03,  3.5635e-03,
         5.4823e-03, -1.3164e-02, -7.8031e-03, -2.7861e-03,  4.8140e-03,
         8.5329e-03, -6.0123e-03,  1.2672e-03, -1.4674e-03,  3.9122e-03,
         1.1868e-02, -2.4132e-03,  2.8091e-03, -6.0339e-04,  9.4127e-03,
         1.5689e-03,  1.5219e-04,  8.8948e-03, -9.1376e-04, -4.1260e-03,
        -1.0359e-02, -4.5020e-03, -2.0522e-03,  1.2714e-02, -1.9921e-03,
         3.8280e-03,  1.0411e-02, -1.4254e-03, -3.0267e-03, -1.1209e-02,
        -4.5324e-04, -4.7877e-03, -1.4915e-02, -1.0437e-02,  8.2260e-03,
        -1.7874e-03,  1.9139e-03,  2.2915e-03,  8.5757e-03,  5.4889e-03,
        -1.9715e-03, -1.1025e-02,  6.9464e-03,  1.0478e-02,  9.3941e-03,
        -6.4932e-03,  1.6621e-02,  7.9383e-03,  1.2333e-02,  7.5895e-03,
         1.6542e-02, -1.2755e-03, -1.2315e-02, -1.1219e-02, -3.7748e-04,
         5.6443e-03,  5.6434e-03,  4.2950e-03, -8.2044e-03, -8.7935e-03,
         1.1161e-02,  6.4090e-03, -1.4455e-02,  1.3074e-02, -4.9661e-03,
         5.4477e-03,  1.6037e-02,  2.4304e-03, -9.0754e-03, -5.7547e-03,
        -3.6874e-03,  9.3910e-03,  1.9199e-03,  9.1125e-03, -2.7482e-03,
        -1.5362e-03, -3.9465e-04, -4.1576e-03,  4.5441e-03, -6.5103e-03,
        -4.8120e-03,  4.7200e-03, -1.2402e-02,  1.4590e-02, -7.4451e-03,
         1.3460e-02,  4.3759e-03, -3.7152e-03, -3.3338e-03, -1.1471e-02,
        -7.2514e-03,  5.5187e-03], device='cuda:0', requires_grad=True)
  layer2.weight: Parameter containing:
tensor([[[[-1.5670e-02,  3.2793e-03, -1.2060e-02, -9.5682e-03],
          [-8.6594e-03,  9.6065e-03, -1.3733e-02,  6.1497e-03],
          [ 2.1835e-03, -3.2996e-03, -4.3350e-03, -8.8572e-03],
          [ 7.4561e-03, -1.5240e-02,  3.7890e-03, -5.7316e-03]],

         [[-1.1167e-03, -1.4853e-02,  1.2146e-02, -6.2539e-03],
          [-2.7799e-03, -1.1569e-02, -1.2062e-02, -5.4140e-03],
          [ 6.3805e-03, -8.1113e-03, -2.5335e-03, -5.6889e-04],
          [-9.8725e-03,  1.8824e-03, -6.5346e-03, -1.2008e-02]],

         [[-8.5504e-03, -3.7041e-03,  1.3619e-02, -2.1276e-02],
          [-7.9677e-03, -2.9103e-03, -1.0118e-02,  9.3925e-03],
          [ 9.7254e-03,  1.0869e-02,  9.3695e-03,  1.1464e-02],
          [ 2.6990e-03,  8.2077e-05, -1.4955e-02, -1.4274e-02]],

         ...,

         [[ 1.9886e-02, -8.6562e-03, -1.0970e-02, -1.7795e-03],
          [-5.9926e-03,  5.1672e-03,  1.5094e-03,  1.1388e-02],
          [-7.2964e-03, -1.1521e-02,  4.2468e-03, -1.1619e-02],
          [ 6.5187e-03,  1.5819e-02,  1.3202e-02, -3.1748e-03]],

         [[-5.0774e-03,  6.0894e-03,  4.7163e-03,  6.4307e-03],
          [-1.0761e-03,  2.0281e-03, -1.1780e-02,  1.6327e-02],
          [ 1.5242e-03, -2.4613e-03, -3.1025e-03, -9.9716e-03],
          [ 1.5963e-02, -3.1114e-03, -4.6717e-03, -3.5623e-03]],

         [[ 1.4629e-03,  3.3489e-03,  3.6188e-03, -8.4790e-03],
          [-2.8942e-03, -6.2734e-03,  1.5922e-02, -6.9388e-03],
          [-1.5985e-02, -9.5764e-03, -1.5237e-03, -5.1067e-03],
          [-2.7067e-03,  1.2323e-02,  4.9013e-03, -7.9507e-03]]],


        [[[ 1.2796e-02, -6.6907e-03,  1.0380e-02,  1.1114e-02],
          [ 1.6282e-02, -1.5436e-02,  3.1271e-04,  1.1232e-02],
          [ 1.0431e-04, -4.4727e-03, -3.7014e-03,  4.7933e-03],
          [-1.0381e-02,  1.2151e-03,  2.0891e-05,  1.1469e-03]],

         [[ 1.4935e-02, -2.0625e-04, -1.0251e-02,  2.8084e-03],
          [-7.3738e-03,  4.6512e-03, -1.0908e-02, -6.4094e-03],
          [-5.7718e-03,  3.0820e-03,  1.3186e-02, -1.0123e-02],
          [ 1.8009e-02,  3.5005e-04, -3.2547e-03, -6.1167e-03]],

         [[-4.2851e-03,  1.4972e-02,  3.0512e-03, -9.2829e-03],
          [-1.0116e-02, -1.6201e-02, -1.0163e-02, -3.4972e-03],
          [ 1.9061e-02, -3.9437e-03,  1.4978e-02, -1.8771e-03],
          [ 1.6109e-02,  1.3080e-02, -5.1821e-03,  6.9227e-03]],

         ...,

         [[ 8.4982e-03, -8.9526e-03,  1.1412e-02,  3.7785e-03],
          [-8.8934e-03, -1.5279e-02,  1.2316e-02, -1.8017e-03],
          [-1.6961e-02, -1.3517e-02, -1.0625e-02, -9.3969e-03],
          [-1.6949e-02,  1.0083e-02, -5.4025e-04,  3.4710e-03]],

         [[-1.7431e-02, -9.2242e-03,  1.0718e-02, -6.4688e-03],
          [-1.1775e-02, -5.9416e-03, -2.3345e-03, -1.7799e-02],
          [-8.5532e-03, -9.3090e-03, -1.2731e-02, -2.5163e-03],
          [ 8.2150e-03,  2.2973e-03, -1.4890e-02,  1.1455e-02]],

         [[ 6.1123e-03,  9.3220e-03,  1.0860e-02, -5.6332e-03],
          [ 3.3900e-03, -2.2724e-03, -5.9885e-03, -3.4498e-03],
          [-4.4131e-03,  3.7991e-03, -1.5056e-02,  3.8807e-03],
          [-9.1140e-03, -3.8779e-03, -3.0331e-03,  1.1079e-02]]],


        [[[ 7.9982e-03, -2.1399e-03,  1.2087e-02,  1.3400e-02],
          [ 1.0701e-02, -1.6690e-02,  8.7097e-03, -1.4230e-02],
          [-1.4430e-02, -1.4815e-02, -1.2671e-02, -1.9034e-03],
          [-1.8076e-02,  6.1898e-03,  3.7268e-03, -2.0033e-02]],

         [[-5.1927e-03,  1.2175e-03, -3.2940e-04, -1.3179e-03],
          [-6.4115e-03,  5.0462e-03, -1.3155e-02,  1.4750e-03],
          [ 5.5384e-04, -1.7400e-02, -1.7906e-02, -1.4239e-02],
          [ 1.5426e-02, -8.2703e-03, -4.6879e-03,  4.9539e-03]],

         [[-1.2281e-02, -1.5610e-02,  5.1738e-03,  7.8125e-03],
          [-5.3931e-03, -3.0372e-02, -2.2138e-02, -1.6314e-02],
          [-2.1223e-02, -2.5723e-02, -1.6397e-02, -4.1349e-03],
          [-4.7273e-03, -1.7673e-02, -7.4424e-03,  2.8352e-03]],

         ...,

         [[-5.7429e-03,  3.8219e-04,  8.9820e-05, -6.1189e-03],
          [-8.3598e-03,  3.1811e-03, -3.0009e-03,  8.5561e-03],
          [-7.6282e-03, -1.0911e-02,  1.4520e-02, -1.3380e-03],
          [-4.8896e-03,  7.7849e-03, -9.6766e-03,  3.0961e-03]],

         [[-5.3412e-03,  1.0403e-02,  1.4298e-02, -3.5939e-03],
          [ 1.8467e-02,  9.2320e-03, -8.8281e-04, -1.0813e-02],
          [-8.1294e-03,  1.8179e-02,  7.1537e-03,  1.0364e-03],
          [-2.5718e-03,  1.4700e-02,  7.5265e-03, -4.3700e-03]],

         [[ 2.0496e-02, -1.2720e-02, -9.5787e-03,  1.5102e-02],
          [ 6.9957e-03, -9.5996e-03, -1.0457e-02, -1.0715e-02],
          [ 2.3077e-03, -2.1816e-02, -6.2383e-03,  1.8288e-04],
          [ 9.6455e-03, -7.9510e-03, -1.2590e-02,  1.0344e-02]]],


        ...,


        [[[-7.3286e-03, -9.3372e-04,  7.4505e-03,  1.1992e-03],
          [ 3.2517e-03,  1.3520e-02,  1.0704e-02,  9.0821e-03],
          [-1.0460e-02,  4.7573e-03,  6.2677e-03, -1.3904e-02],
          [-3.2614e-03, -1.2887e-02, -4.1843e-03,  1.9284e-02]],

         [[-8.9774e-03,  6.2504e-03,  3.2182e-05, -1.3597e-02],
          [-7.3001e-05, -2.6938e-03,  1.8345e-03,  1.1196e-02],
          [ 1.3727e-03,  9.7916e-03,  1.1276e-02, -8.0736e-03],
          [ 6.3696e-03,  7.5357e-03, -3.7411e-03,  1.2905e-02]],

         [[-1.7019e-02,  8.6659e-04,  1.9154e-02, -5.4082e-03],
          [ 5.3235e-03,  1.6450e-03,  1.7160e-02,  1.0863e-02],
          [-1.1732e-02, -3.6894e-03,  5.6947e-03,  8.8910e-03],
          [ 7.6883e-03,  2.5528e-03,  2.0549e-02,  4.4183e-03]],

         ...,

         [[ 1.2456e-03, -5.9570e-04, -1.3215e-02, -9.6095e-04],
          [-3.7014e-03, -4.0662e-03,  3.8225e-03,  1.3537e-02],
          [ 1.1016e-02,  9.9008e-03,  2.8770e-04, -1.7134e-03],
          [ 9.6464e-03,  8.4747e-03,  1.8305e-02,  1.5538e-02]],

         [[ 1.2000e-02,  4.0350e-03, -1.5205e-02,  8.7093e-03],
          [-1.1374e-02,  1.7054e-03, -7.6947e-03, -1.2161e-02],
          [ 1.8404e-02, -4.9045e-03, -8.0119e-03, -1.0455e-02],
          [ 1.4043e-02,  2.6613e-03, -1.2020e-02,  1.3610e-02]],

         [[ 4.9908e-03, -1.2446e-02,  1.0595e-02, -7.3026e-03],
          [ 5.0676e-03,  1.5739e-02, -9.0426e-04, -3.2508e-03],
          [-1.7228e-02, -6.4272e-03,  1.3030e-02,  8.9842e-03],
          [ 7.7010e-03, -7.9791e-03, -3.9702e-03,  1.6609e-02]]],


        [[[-4.4700e-03,  1.1848e-02,  7.7573e-03, -1.2476e-02],
          [ 1.0730e-02, -7.9009e-03,  4.6237e-03, -1.4628e-02],
          [-9.7574e-03,  1.3020e-02,  1.3760e-02, -9.5668e-03],
          [-8.2484e-04, -6.2049e-03, -1.1859e-02,  7.0062e-03]],

         [[ 1.0646e-02, -2.1484e-03, -1.3300e-02, -1.0128e-02],
          [-8.8855e-04, -1.3523e-02, -1.5183e-02, -1.4103e-02],
          [-1.6001e-02,  6.4667e-03,  1.3544e-02,  1.3797e-02],
          [-2.9844e-03, -1.2071e-02, -3.3950e-03, -5.4035e-03]],

         [[ 1.1022e-02, -8.4137e-03, -6.4298e-03,  7.5917e-03],
          [-3.9604e-03, -3.6002e-03, -1.2229e-02, -1.6602e-02],
          [ 4.1250e-03,  8.7355e-03, -6.9858e-03, -1.6653e-02],
          [-9.1617e-04, -1.9164e-03, -1.3103e-02, -5.0419e-04]],

         ...,

         [[-7.3544e-03,  1.3923e-02,  9.2343e-03, -5.0942e-04],
          [-1.3754e-02,  5.0493e-03,  5.2613e-03, -9.2786e-03],
          [ 3.6153e-03,  7.6961e-03,  3.1214e-03,  5.3864e-03],
          [-1.7141e-02, -1.3913e-02, -1.4060e-02, -9.1476e-03]],

         [[ 6.3037e-03,  1.6036e-03,  3.3670e-03,  6.5919e-03],
          [ 1.2642e-02, -2.5902e-03,  1.5929e-02,  1.3185e-02],
          [ 1.1350e-02,  5.0210e-03,  3.6400e-03, -2.4527e-03],
          [-8.3695e-03, -4.2457e-03, -1.1035e-02,  1.5007e-03]],

         [[-4.3416e-03, -5.9899e-03,  1.3089e-02, -1.0116e-02],
          [ 2.0737e-03, -1.3242e-02, -1.4510e-02, -1.1304e-02],
          [ 1.6127e-03, -5.7736e-03,  9.7127e-03, -1.3010e-03],
          [ 1.9662e-03,  1.2290e-02,  7.7017e-03, -3.2290e-03]]],


        [[[-1.7212e-02,  9.6419e-03, -1.4978e-02, -1.2925e-02],
          [ 5.0121e-03, -3.4683e-03,  7.3088e-03, -4.7541e-03],
          [ 4.7061e-03, -1.2260e-02, -1.5745e-02, -1.6258e-02],
          [ 1.3374e-02, -1.1027e-02, -1.1314e-02, -1.3894e-02]],

         [[-1.4320e-02, -3.3295e-03,  1.2831e-02, -4.8781e-03],
          [-4.7906e-03, -1.0872e-02, -4.5142e-03,  1.0459e-02],
          [ 9.9733e-03, -1.0897e-02, -1.3347e-02,  1.0777e-02],
          [ 7.5412e-04,  1.0161e-03,  8.6846e-03, -8.9163e-03]],

         [[ 7.8914e-03,  1.4889e-02,  6.8654e-03, -2.4592e-03],
          [ 1.3594e-02,  1.7062e-02,  1.2082e-02, -1.0815e-02],
          [ 4.1084e-03,  1.7863e-03,  5.1338e-04,  1.9858e-03],
          [ 1.0060e-02,  4.7885e-03,  6.0519e-03, -7.8642e-03]],

         ...,

         [[ 1.1016e-02,  6.4767e-03, -3.1579e-03,  1.2363e-03],
          [-1.2548e-02, -5.2369e-03,  2.4419e-04, -1.1536e-02],
          [-8.8306e-03, -6.3377e-04,  3.4443e-03,  2.1211e-03],
          [-1.4019e-03, -2.1328e-03, -1.0446e-04, -8.8878e-03]],

         [[-4.1039e-03, -9.0797e-03,  2.0190e-03, -8.1591e-03],
          [-1.3508e-02, -3.4576e-03, -1.0688e-02, -4.2069e-03],
          [-1.1050e-02,  4.7847e-03,  1.3293e-02,  7.0525e-03],
          [ 1.1963e-02, -7.6096e-03,  8.5261e-03, -1.0620e-02]],

         [[ 8.7981e-03, -1.1710e-02,  8.5117e-03, -1.9928e-02],
          [ 3.3029e-03, -3.5820e-03, -4.8839e-03,  8.6902e-04],
          [-6.8867e-04, -1.0085e-02, -1.4567e-03, -1.4533e-02],
          [-1.3261e-02, -4.7671e-03, -3.1857e-03, -2.8927e-03]]]],
       device='cuda:0', requires_grad=True)
  layer2.bias: Parameter containing:
tensor([-4.9477e-03,  6.9258e-03, -9.8008e-03,  1.4341e-02, -9.2319e-03,
        -1.2534e-02,  3.8538e-03,  1.3146e-02, -1.0208e-02, -1.5951e-02,
        -5.3205e-03, -1.6943e-03,  9.7509e-03,  8.2307e-03,  1.1076e-02,
        -1.4181e-02,  5.2519e-03,  1.4592e-03,  1.3738e-02,  5.9418e-03,
        -6.5212e-03, -9.9816e-03, -4.4078e-03, -1.6449e-02, -3.4376e-03,
         1.4725e-02, -9.7583e-03, -8.7831e-03, -9.8990e-03,  1.5086e-02,
        -2.4124e-03,  1.0535e-02, -4.6360e-04,  4.3950e-05,  1.3210e-02,
        -1.2424e-02,  1.7074e-03, -1.3240e-02,  7.7820e-03,  6.0562e-03,
         5.9064e-03, -6.6130e-03, -1.3060e-02, -9.2216e-03,  1.4340e-03,
        -8.9431e-03, -1.4997e-02,  1.2210e-03,  4.7302e-03, -1.3616e-02,
         2.1584e-03,  1.7822e-02,  1.3467e-02, -2.1604e-03, -5.6172e-03,
         5.0048e-03,  4.9837e-04,  2.2888e-03, -1.0067e-02, -1.1406e-02,
         5.1592e-03, -8.0205e-03,  5.1534e-03, -5.5057e-03, -1.9562e-02,
         2.7428e-03,  4.5564e-03, -6.7825e-03,  1.0522e-03, -9.1046e-03,
         1.0381e-02, -2.1886e-03, -8.8476e-03,  1.2831e-02,  5.5163e-03,
         2.6472e-03,  1.6956e-02,  1.7267e-03, -6.6640e-03, -5.9697e-03,
        -1.0171e-02,  1.4971e-02, -5.9176e-03,  1.2276e-02,  1.2729e-02,
        -1.2302e-02,  1.4976e-02,  1.3049e-03,  2.5507e-03,  8.7520e-03,
        -2.3827e-03,  1.2403e-02, -1.0925e-02,  4.8608e-03, -1.7599e-02,
         9.1659e-03,  1.0731e-02,  1.4321e-03,  1.0309e-02, -5.9880e-03,
         7.9926e-04,  1.0302e-02,  1.5847e-02,  4.7184e-03,  9.3093e-03,
        -8.0336e-04, -1.1943e-03,  9.2430e-03,  2.1042e-02, -6.9438e-03,
         9.1295e-03, -4.1295e-03,  1.0100e-02,  7.7275e-04,  4.6885e-03,
        -7.0757e-03,  1.0303e-02,  4.5753e-03,  7.6609e-03,  2.4433e-03,
         1.1371e-02,  2.2931e-03,  8.4781e-03,  1.8891e-03, -1.0030e-02,
        -1.7522e-02, -1.0061e-02,  1.2059e-02,  1.1271e-02,  7.5415e-03,
         6.0764e-03, -5.8659e-03, -2.1157e-03,  1.1209e-02,  7.8406e-03,
        -1.4303e-02,  1.7543e-03, -9.7518e-03,  3.9658e-03,  3.8805e-03,
        -7.9011e-03, -5.6644e-03,  1.5694e-02, -9.1154e-03,  1.5252e-02,
         6.9745e-03, -1.7796e-02, -1.2045e-02,  1.8181e-03,  7.0921e-03,
        -3.0701e-03, -4.9148e-03,  8.4529e-04, -1.0616e-02,  2.3862e-03,
         1.1494e-02,  7.4522e-03,  3.3853e-03, -1.1834e-02,  1.4336e-02,
         5.1714e-03, -1.0587e-02,  1.2490e-02, -1.0360e-02,  3.2082e-03,
        -4.1024e-04,  2.0650e-03, -1.3824e-02,  1.0680e-02,  6.1626e-03,
        -8.7602e-04, -4.9234e-03,  2.8559e-03,  6.9357e-03, -2.7092e-03,
        -6.5556e-03,  7.2931e-03, -6.1835e-03, -1.2494e-02, -1.0129e-02,
         9.0622e-03, -2.7456e-03,  4.5373e-03, -2.6493e-03, -1.0456e-02,
         1.1348e-02, -1.8843e-03,  3.4662e-05,  3.6748e-04,  5.1304e-03,
         1.6567e-03, -3.3652e-03,  1.0141e-02,  1.2438e-02, -1.4429e-02,
        -1.0135e-02,  1.5781e-02,  1.8566e-03,  1.3892e-02,  1.4367e-03,
        -5.2705e-03, -6.2207e-03,  1.0930e-02, -8.9203e-03, -7.0009e-03,
         8.4638e-03,  1.9500e-03, -1.1244e-02, -9.1875e-03, -6.8338e-03,
        -1.4804e-02,  1.2514e-02,  1.6319e-03,  1.3651e-02, -1.3217e-02,
        -2.9270e-03,  1.3865e-02,  1.4131e-02,  5.2535e-03,  1.0820e-02,
        -6.9437e-04, -4.2250e-03, -3.1863e-03,  1.5288e-02,  1.5530e-02,
        -1.8028e-03,  7.3037e-03, -1.3332e-02,  5.1510e-03,  6.3841e-03,
        -6.6664e-04, -4.4627e-03,  1.0270e-02,  4.9673e-03, -7.6756e-03,
         7.5528e-03, -1.0225e-02, -1.2503e-02, -8.5687e-03, -4.6373e-03,
         1.4694e-02,  9.0192e-03, -5.4777e-03,  6.4504e-03,  6.8138e-03,
        -1.1313e-03,  9.9259e-03,  5.9603e-03, -1.8551e-02,  4.6172e-03,
         1.2041e-02,  1.3239e-02,  8.2958e-03, -9.7815e-03,  1.3460e-02,
         1.5082e-03], device='cuda:0', requires_grad=True)
  layer3.weight: Parameter containing:
tensor([[[[-1.8628e-02,  1.7413e-02, -1.7126e-02, -1.7219e-02],
          [ 1.4295e-02,  1.0702e-02,  1.4324e-02,  1.8816e-02],
          [-1.8844e-02, -1.8255e-02,  7.7113e-03, -1.8996e-03],
          [ 1.1154e-02, -2.9576e-03, -1.4404e-02,  4.2851e-03]],

         [[-7.9060e-03, -4.0987e-03,  5.9921e-03,  1.3805e-02],
          [-5.8668e-03, -1.4011e-02, -1.9855e-02,  1.6722e-02],
          [ 5.0343e-03, -2.1522e-02,  1.1160e-02,  1.7659e-02],
          [ 1.5743e-02, -3.2838e-03,  1.8292e-02,  4.3886e-03]],

         [[-1.2338e-02,  2.6383e-03, -3.0605e-03, -1.2210e-02],
          [-1.0748e-02, -1.5064e-03,  4.0861e-03,  3.3551e-03],
          [ 6.0785e-03, -3.3342e-03, -6.5663e-04,  1.2636e-02],
          [-6.5196e-03,  7.5604e-03,  1.0682e-02,  2.7085e-03]],

         ...,

         [[ 1.4380e-02,  2.1427e-02,  1.6669e-02, -2.0298e-02],
          [ 2.4901e-03, -1.8067e-02,  2.3782e-02, -7.3824e-03],
          [ 1.8678e-02,  1.8449e-02,  1.4149e-02,  1.3114e-03],
          [ 1.8080e-02, -1.5176e-02,  1.8095e-02, -1.0685e-02]],

         [[ 1.7833e-02,  2.0985e-02, -1.1848e-02,  2.1861e-02],
          [-1.7433e-02, -1.8107e-02,  1.4697e-02, -4.9487e-03],
          [ 1.1469e-02, -2.3524e-02, -2.4262e-02, -1.9789e-03],
          [-2.7882e-03, -1.5828e-02, -9.3338e-03, -2.2938e-02]],

         [[-4.1973e-03,  5.6627e-03, -4.6190e-03,  8.9553e-03],
          [ 1.3737e-02, -2.0859e-03,  6.4244e-03,  4.1475e-03],
          [ 6.3233e-03, -7.2424e-03,  7.2798e-03, -2.0218e-03],
          [ 2.2466e-02,  8.4964e-03, -1.2754e-02, -1.6542e-03]]],


        [[[-8.4897e-03,  2.1236e-02, -1.7179e-02, -8.3626e-03],
          [-1.0366e-02, -1.1495e-02,  1.9979e-02, -9.7003e-03],
          [ 1.6420e-02, -1.5505e-02, -5.0566e-03, -6.6207e-03],
          [-2.0117e-02, -1.8069e-02,  1.4335e-02,  1.4275e-02]],

         [[-1.3453e-02,  6.8892e-03,  9.4505e-03,  1.6549e-02],
          [ 1.3038e-02, -1.7433e-02, -1.0837e-02, -7.0187e-03],
          [-1.2759e-03,  1.2940e-02,  1.0138e-02, -2.1488e-03],
          [-1.3131e-02, -7.3488e-03,  1.9107e-02, -1.5197e-02]],

         [[ 7.6299e-03,  2.2405e-02,  2.4442e-02, -1.2461e-02],
          [-1.9177e-02,  1.4446e-02,  1.9610e-02, -1.5040e-02],
          [-3.6374e-03, -1.0451e-02,  9.9617e-03,  1.2491e-02],
          [-6.5648e-03,  7.0881e-03,  1.6993e-02,  1.1889e-02]],

         ...,

         [[-1.0555e-02,  2.1986e-02,  1.9331e-02,  7.4359e-03],
          [-9.1327e-03, -1.8072e-02,  1.1694e-02,  6.9283e-03],
          [ 7.8287e-03, -1.6317e-02, -1.8720e-02,  1.1589e-02],
          [ 3.7129e-03,  5.7979e-03,  3.5581e-03, -1.6983e-02]],

         [[-2.3514e-02, -2.8380e-03,  1.6712e-02, -1.6815e-02],
          [ 1.1436e-02, -1.0748e-02, -2.6158e-04,  3.3524e-03],
          [ 1.5483e-02, -3.8841e-03, -4.0444e-03, -1.6926e-02],
          [ 1.6175e-02,  2.5392e-03, -1.3698e-02,  1.5577e-02]],

         [[ 5.5218e-04, -2.0913e-02,  7.7877e-03,  1.6297e-02],
          [-2.0076e-03,  1.3434e-02,  1.5554e-02, -3.8226e-03],
          [-1.4719e-02, -1.6059e-02, -4.5581e-03, -7.0080e-03],
          [-1.2675e-02,  5.6872e-03, -2.8975e-03,  1.7485e-02]]],


        [[[-1.6572e-02, -2.0456e-02, -1.1050e-02,  7.0667e-03],
          [ 1.0088e-02,  2.2841e-03,  1.1774e-02,  1.4727e-02],
          [-1.2932e-02, -9.2206e-03,  4.0317e-03, -1.7179e-02],
          [-2.1219e-02,  5.1785e-03,  2.0203e-02, -1.3305e-03]],

         [[-5.6709e-04,  2.0622e-02, -1.5158e-02,  2.1864e-02],
          [ 6.6514e-03,  4.5344e-03, -1.2568e-02,  6.5223e-03],
          [ 3.4040e-03, -1.3512e-02,  1.5190e-02,  1.3335e-02],
          [ 1.8313e-02, -1.8440e-02,  2.6654e-02, -1.4684e-03]],

         [[ 1.2961e-02,  1.1997e-03, -1.2652e-02, -2.4178e-02],
          [-2.0689e-02,  5.0538e-03, -9.4567e-03,  1.8172e-02],
          [-1.8818e-02,  1.5724e-02, -5.1545e-04,  1.0262e-02],
          [ 1.0196e-02,  1.4530e-02, -3.0876e-03, -1.6659e-02]],

         ...,

         [[-3.5060e-03, -1.5425e-02, -1.2798e-02,  1.6330e-02],
          [-7.9192e-03, -1.0717e-03,  2.3594e-02, -1.8253e-02],
          [-6.4459e-03,  2.8954e-02,  1.4897e-02, -5.0895e-03],
          [ 6.1790e-03,  1.0766e-02,  5.9821e-03,  1.3879e-03]],

         [[ 2.0340e-02,  5.4989e-03,  2.5008e-02,  2.3757e-02],
          [ 2.5485e-03,  2.8709e-02, -2.2160e-03,  2.6289e-02],
          [ 3.3023e-03, -8.5953e-03,  1.2406e-02,  2.6984e-02],
          [ 5.7116e-03,  2.0540e-03,  1.4048e-02, -3.5204e-03]],

         [[-6.1093e-03,  1.6550e-02,  1.0569e-02, -1.0763e-02],
          [-4.8365e-03,  2.2866e-02,  2.1774e-02,  1.1642e-02],
          [-5.5763e-03,  8.3042e-03,  2.3799e-02, -1.4632e-02],
          [ 1.3891e-02, -1.4671e-02,  1.0372e-02,  4.9445e-03]]],


        ...,


        [[[-1.6079e-02,  5.7250e-03, -1.1604e-02,  7.9016e-03],
          [ 1.1584e-02, -1.2042e-02,  9.6694e-03, -7.0111e-03],
          [-3.7768e-03, -2.1265e-02, -1.3074e-02, -1.2372e-02],
          [ 1.2664e-02,  5.8862e-03, -1.2013e-02,  1.6511e-02]],

         [[ 6.7440e-03, -1.7576e-02, -2.1901e-02, -2.0477e-02],
          [ 6.3245e-03, -1.7374e-02,  1.4238e-02, -6.1313e-03],
          [-1.8206e-02, -1.8731e-02,  1.6938e-02,  1.6420e-02],
          [-1.8969e-02, -2.0974e-03, -1.9320e-02, -1.9662e-03]],

         [[ 6.9519e-03,  1.5320e-02, -6.4636e-03,  8.0829e-03],
          [ 5.1676e-03,  3.8514e-03, -3.7483e-03, -1.7061e-02],
          [-1.3438e-02, -1.7407e-02, -2.5772e-02, -9.3624e-03],
          [ 1.7253e-02,  9.4696e-03,  1.0493e-02, -8.4318e-03]],

         ...,

         [[-7.9264e-03, -2.2233e-02, -1.2635e-02, -3.4787e-05],
          [-1.0227e-02,  1.2771e-02,  3.7974e-03, -9.5484e-03],
          [ 1.4922e-02,  7.4524e-03, -8.7313e-03,  1.2480e-02],
          [ 6.8623e-03, -1.0298e-02,  1.9347e-03,  1.0672e-02]],

         [[-1.2669e-02,  1.6475e-04,  1.3840e-02, -8.4923e-05],
          [-1.3333e-02, -1.7110e-02, -7.7324e-03,  2.6567e-03],
          [ 7.5906e-03,  1.1370e-02,  1.2637e-02,  6.4179e-03],
          [-5.0937e-03, -4.7125e-03, -3.3632e-03, -2.0932e-02]],

         [[-8.1096e-03,  3.1640e-03,  7.3969e-03, -1.6420e-02],
          [-4.7461e-03,  1.8867e-02,  6.9800e-03, -1.8587e-02],
          [-2.2863e-03, -1.0220e-02,  1.3638e-02,  9.6790e-03],
          [ 3.4301e-03, -2.8676e-03,  1.1902e-02,  1.4549e-02]]],


        [[[-2.1134e-02, -9.1849e-03,  5.7404e-03,  1.8048e-02],
          [-5.4048e-03,  8.2008e-03,  7.2667e-03,  8.5885e-03],
          [ 2.0642e-02,  1.3339e-02,  5.2953e-03, -7.2305e-03],
          [-2.3780e-03, -1.1643e-02, -1.1844e-02, -9.4081e-03]],

         [[-1.7704e-02,  1.0906e-02,  1.8751e-02,  4.9865e-04],
          [-1.4331e-02, -1.2677e-02, -1.1186e-02, -8.2927e-03],
          [ 2.1809e-02, -1.1021e-02, -1.8197e-02,  1.2999e-02],
          [ 2.2681e-02,  1.3194e-02, -9.8116e-03, -6.2308e-03]],

         [[-9.5207e-03, -1.6915e-02,  1.5968e-02, -1.7374e-02],
          [-8.0656e-04,  8.8129e-03,  7.5685e-03,  1.8975e-02],
          [-1.3419e-02,  4.0635e-03, -1.7223e-02, -1.2278e-02],
          [-1.4310e-02,  2.4108e-02,  4.8708e-03, -9.3283e-04]],

         ...,

         [[ 6.3659e-03,  1.5886e-02,  1.8647e-03, -5.0418e-03],
          [ 4.2869e-03, -2.1095e-04, -3.9117e-03, -9.5721e-03],
          [ 1.8477e-02, -5.4716e-03,  1.5812e-02,  1.3812e-03],
          [-2.0071e-02, -1.0579e-02, -1.1799e-02,  1.4262e-03]],

         [[-2.0214e-02,  1.5724e-02, -1.0582e-02,  1.4726e-02],
          [-2.6176e-03,  4.9889e-03,  1.7447e-02, -1.1324e-02],
          [ 1.2115e-02, -1.2480e-02,  3.4480e-03, -3.9655e-03],
          [-8.1921e-03,  4.5556e-03,  4.0251e-03, -3.9558e-03]],

         [[ 1.8107e-02, -2.2400e-03,  2.2797e-02, -2.1016e-02],
          [-3.6662e-03,  1.6993e-02, -1.9613e-02,  1.5072e-02],
          [ 1.3961e-02, -9.3831e-03,  6.2806e-03,  1.0836e-03],
          [-7.3995e-04,  1.6904e-02, -1.7208e-02, -1.8995e-02]]],


        [[[-8.0127e-03,  1.4565e-02,  1.2273e-02,  4.8475e-03],
          [-1.5822e-02, -1.0200e-02,  2.8710e-03,  1.5618e-03],
          [-9.0370e-04,  1.6466e-02, -1.8202e-02, -1.9316e-02],
          [-7.7334e-03, -1.6157e-02,  1.5054e-02,  1.2242e-02]],

         [[ 6.1176e-04,  1.0898e-02, -2.0399e-02, -3.5456e-04],
          [-1.2325e-02, -1.4572e-02,  1.4484e-02, -1.7450e-02],
          [ 4.1368e-03, -2.9267e-03, -1.5822e-02,  9.7181e-03],
          [-9.2032e-03,  1.2028e-02,  2.8836e-03, -1.3737e-02]],

         [[-5.6119e-03,  5.8516e-03,  8.5498e-03,  1.2209e-02],
          [ 5.8463e-03, -9.2607e-04, -1.5451e-02,  7.8514e-03],
          [ 1.4744e-02, -8.8499e-04, -1.9219e-02, -1.1069e-02],
          [-4.6053e-03, -1.5267e-02, -2.2624e-02,  9.4572e-04]],

         ...,

         [[ 1.4166e-02, -6.8141e-03,  2.0684e-02,  1.4248e-02],
          [-1.7698e-02, -1.2911e-02, -1.2168e-02,  7.3886e-03],
          [-1.0267e-02,  1.9019e-02, -1.1086e-02,  1.2117e-02],
          [-3.9403e-03, -5.3963e-03,  1.5082e-02,  2.0717e-02]],

         [[-1.0736e-02,  3.7730e-03, -1.7068e-02,  3.0553e-03],
          [-9.0799e-03,  4.0502e-03,  1.4724e-02, -1.8566e-02],
          [-1.8794e-02,  1.8472e-02,  3.6820e-03,  2.3598e-03],
          [-4.3560e-03, -1.6645e-02, -9.0527e-03, -1.1831e-02]],

         [[-1.9211e-02,  1.7229e-02,  1.8297e-03, -1.9733e-02],
          [-7.3889e-04, -1.4523e-02, -2.2907e-03,  2.1610e-02],
          [ 1.9008e-04,  5.5658e-03,  1.6167e-02, -4.4834e-03],
          [ 1.4220e-02, -1.6438e-02, -2.0565e-02,  1.1879e-02]]]],
       device='cuda:0', requires_grad=True)
  layer3.bias: Parameter containing:
tensor([ 1.8229e-02, -1.2464e-02,  2.0777e-02, -1.9395e-02, -4.8759e-05,
         2.5714e-02, -1.1703e-02, -3.4833e-02,  7.6089e-03, -1.4319e-02,
         1.7983e-02, -1.7122e-02,  1.0618e-02,  5.2137e-03,  1.4296e-02,
         1.1707e-02,  2.6900e-02,  2.0660e-02, -1.9619e-02, -2.1303e-02,
        -3.9339e-03, -1.0695e-02, -1.8808e-02,  2.0198e-02,  3.9595e-03,
         1.9785e-02,  9.2616e-03,  1.2935e-02, -1.4310e-02,  1.1586e-02,
         1.2081e-02, -2.8679e-02,  2.3381e-02, -2.0682e-02, -7.8265e-03,
        -3.1776e-02, -1.1478e-02, -2.6957e-02, -2.0007e-02,  1.6557e-02,
        -1.4025e-03, -2.7325e-02,  1.3893e-02,  2.1341e-02, -6.5410e-03,
        -3.1719e-02,  5.5701e-03,  2.0306e-03, -2.0387e-02,  8.3579e-03,
        -1.2678e-02, -2.4519e-02, -9.3703e-04, -3.0327e-02, -1.5726e-02,
        -2.5181e-02, -2.0561e-02,  1.9910e-02, -1.3090e-02,  9.4609e-03,
         2.4149e-02,  1.9454e-02, -2.4777e-02, -5.5973e-03,  2.5108e-02,
         1.9488e-02,  2.8487e-02,  1.3054e-02,  2.6032e-02, -5.2605e-03,
         1.1005e-02, -1.5290e-02,  2.0582e-03, -8.3950e-03, -2.7764e-02,
         1.4267e-02,  3.4010e-02, -4.7840e-03,  6.5345e-04,  1.0839e-02,
         2.5404e-02, -3.0549e-02, -2.9243e-02,  2.3140e-02,  2.6046e-02,
        -1.2319e-02, -2.6978e-02, -5.6338e-03, -4.5458e-03,  1.9218e-02,
        -2.7332e-02,  1.8097e-02, -5.0284e-03, -2.4046e-02,  1.7531e-02,
        -1.1336e-02, -9.9343e-04,  1.2853e-02, -1.5561e-02, -2.5388e-02,
        -9.5217e-03, -2.7443e-02,  3.0113e-04,  7.0159e-03, -8.5816e-03,
        -2.0296e-02,  3.2489e-02, -2.9261e-02, -1.1317e-02,  2.1671e-02,
         2.1136e-02,  8.7434e-03,  1.0138e-02,  3.4598e-03, -1.7041e-02,
         1.0214e-02, -2.4021e-02,  1.1498e-02, -1.8742e-02, -2.8658e-02,
         2.4669e-02, -2.0276e-02, -2.6531e-02, -7.1344e-03, -1.1778e-02,
         2.3449e-02, -8.2341e-03,  2.0260e-02], device='cuda:0',
       requires_grad=True)
  layer4.weight: Parameter containing:
tensor([[[[ 8.2500e-03, -1.1454e-02,  1.4447e-02, -2.3575e-02],
          [ 6.4744e-03, -6.9839e-03, -2.1157e-02,  2.5464e-02],
          [ 5.3479e-03, -3.2578e-02, -1.0647e-02, -5.8382e-03],
          [ 1.9590e-02,  1.2741e-02, -1.4868e-03, -2.8002e-02]],

         [[-9.3833e-03,  1.0397e-02, -7.6819e-03,  1.4421e-02],
          [ 2.5740e-02, -1.5151e-02, -2.2724e-02,  1.0464e-02],
          [ 2.2883e-02,  1.5721e-02,  2.5397e-02, -2.8912e-02],
          [-1.4180e-02, -2.8626e-03, -1.0147e-02, -1.5962e-02]],

         [[ 1.3403e-02, -3.0748e-02, -1.3895e-02, -1.7511e-02],
          [-2.3282e-02,  1.8414e-03, -2.2621e-02, -4.9578e-03],
          [-2.0101e-02,  1.5975e-03, -2.6931e-02,  2.4722e-02],
          [-2.3763e-02,  2.6409e-02,  2.5799e-02,  1.2137e-02]],

         ...,

         [[ 6.6032e-04, -9.7426e-03, -2.4056e-02, -1.1027e-02],
          [-2.1397e-02,  1.1195e-02,  4.9841e-03, -2.7182e-02],
          [ 2.4046e-02,  2.5104e-02,  7.1445e-03,  1.4842e-02],
          [-5.7896e-03,  4.8542e-03,  1.5007e-02, -7.6945e-03]],

         [[-1.5772e-02, -2.3534e-02,  2.1256e-02,  6.6998e-03],
          [ 6.2347e-04, -1.9278e-02,  6.2070e-03, -4.8977e-03],
          [-3.3441e-02,  3.0642e-03, -2.0018e-02, -2.0983e-02],
          [-8.6020e-03,  2.2502e-02,  1.4269e-02,  1.1854e-02]],

         [[ 2.6536e-02, -1.3386e-02,  6.2869e-03,  1.8350e-02],
          [-3.1826e-02,  3.0562e-03,  1.7138e-02,  2.2853e-02],
          [ 3.6317e-03,  1.0644e-02,  2.4867e-02,  1.9888e-02],
          [-2.7807e-02,  1.6159e-02,  8.4326e-03, -1.5853e-02]]],


        [[[ 1.0363e-02, -3.7512e-03, -2.3796e-02,  2.6031e-02],
          [-1.8186e-02, -1.8947e-02,  2.0948e-02, -1.5986e-02],
          [ 2.5351e-02, -2.3741e-02, -9.1900e-03, -1.1991e-03],
          [ 2.3566e-02,  1.9383e-02, -2.9660e-02, -1.9145e-02]],

         [[ 2.6209e-02, -2.9374e-02,  5.9268e-03, -1.1485e-02],
          [ 2.1163e-02,  2.7369e-03,  2.3822e-03, -3.4328e-03],
          [-2.1261e-02,  2.0133e-02,  7.9176e-03, -6.9730e-04],
          [-1.4926e-02,  1.5248e-02,  1.5934e-02,  2.4030e-03]],

         [[-2.4199e-02, -1.1389e-02,  2.9797e-02, -2.5702e-02],
          [-1.0710e-02,  1.4853e-02, -1.3849e-03, -2.7788e-02],
          [-1.3798e-02,  2.7819e-02, -1.4167e-02, -2.1662e-02],
          [-9.6982e-03, -3.2373e-03, -9.3483e-03,  1.4246e-02]],

         ...,

         [[-1.0152e-02,  1.6098e-02, -1.3637e-02, -2.0301e-02],
          [-1.8528e-02, -9.8211e-03, -2.4690e-02, -2.2373e-02],
          [ 1.2155e-02,  1.3800e-02,  1.1911e-02,  1.2371e-02],
          [-1.9773e-02,  4.9613e-03,  2.5447e-02,  1.2580e-02]],

         [[-2.8050e-02, -6.1896e-03,  1.5035e-02, -1.9967e-02],
          [ 2.8757e-02,  1.1975e-02, -8.3591e-03,  1.6738e-04],
          [-2.6915e-03,  8.2062e-03,  1.3610e-02, -2.9276e-02],
          [ 2.2782e-02,  2.1963e-03,  2.6819e-03,  1.5002e-02]],

         [[-1.1379e-02,  1.2537e-02,  1.3238e-02,  1.1225e-02],
          [-3.1376e-02, -1.7283e-02, -1.1890e-02,  1.2854e-02],
          [-5.4136e-03, -2.2460e-02,  2.6090e-02,  2.1612e-02],
          [ 9.6235e-03,  9.2717e-03, -4.1843e-03,  2.9569e-02]]],


        [[[ 2.8063e-02,  1.9959e-03,  1.2086e-02, -6.6236e-03],
          [-2.9876e-03,  3.8078e-02, -2.0944e-02,  1.8546e-02],
          [ 3.2120e-02, -9.7168e-04,  1.2055e-02,  2.0250e-02],
          [ 1.6757e-02,  3.0221e-02, -1.1551e-02, -2.8157e-02]],

         [[-7.5620e-03,  9.9398e-03, -3.2902e-02, -2.7655e-02],
          [ 2.1091e-02,  3.9844e-03,  1.2727e-03,  7.6444e-03],
          [ 5.0807e-03, -2.6209e-02,  2.7803e-02,  2.6055e-02],
          [-3.4078e-02, -2.8375e-04,  4.3117e-03,  8.3525e-03]],

         [[ 3.4100e-02,  2.3271e-02, -2.6938e-03, -8.1844e-03],
          [-1.8480e-02,  2.6408e-03,  2.6142e-02, -1.9312e-02],
          [ 3.2809e-02,  2.0600e-02, -1.9102e-03, -2.2127e-02],
          [-2.2728e-02,  2.8924e-02, -1.6863e-02, -1.2053e-03]],

         ...,

         [[ 8.0516e-03, -2.0351e-03, -2.1737e-02, -7.3812e-04],
          [-1.4890e-02,  2.7761e-03, -2.3001e-03, -2.3435e-02],
          [-1.8845e-02, -7.0684e-03,  8.3919e-03, -1.8815e-02],
          [ 8.6334e-03,  2.9979e-02, -2.4025e-02, -1.7921e-02]],

         [[ 6.3954e-03,  2.9832e-03,  2.5924e-02,  1.4539e-02],
          [ 1.1566e-02,  1.4778e-02, -1.4935e-02,  5.8287e-03],
          [ 2.3350e-02, -2.8937e-02, -8.6792e-03,  1.1198e-02],
          [-2.8446e-03,  2.1274e-02, -4.3809e-03,  1.8477e-03]],

         [[ 4.7094e-03, -2.1203e-02,  2.0484e-02, -1.3060e-02],
          [-2.1209e-02,  1.4270e-02, -1.1748e-02,  3.3873e-03],
          [ 2.1732e-02,  2.4630e-05, -3.3143e-02, -1.5477e-03],
          [ 1.3679e-02,  4.8174e-03, -1.9632e-02, -2.7649e-02]]],


        ...,


        [[[-2.5824e-02,  1.9679e-02, -2.9591e-02, -2.6308e-02],
          [ 2.9980e-02,  3.8178e-03, -1.5012e-02, -1.4582e-03],
          [-2.4521e-03, -4.7846e-03, -1.9110e-02,  1.1955e-02],
          [ 3.6403e-03, -4.3710e-03, -1.9513e-02,  1.4388e-02]],

         [[ 9.8710e-03,  2.8099e-02, -1.7597e-02,  1.7315e-03],
          [ 2.0932e-02, -1.2243e-02, -1.9366e-02,  3.0034e-02],
          [-1.9498e-02, -1.3075e-04, -1.9121e-02, -2.4123e-02],
          [-3.4249e-02,  4.7487e-03, -1.3098e-02, -2.3758e-03]],

         [[-1.0938e-02,  1.8054e-02,  2.5391e-02, -1.1631e-02],
          [ 2.9345e-03,  1.6309e-02, -3.1721e-02, -1.6624e-02],
          [-3.0762e-02, -4.0566e-03,  1.8449e-02,  3.6142e-03],
          [ 2.5640e-02, -2.8718e-02, -4.7350e-04,  1.8754e-02]],

         ...,

         [[ 2.7046e-03,  3.3442e-02, -1.6773e-02, -1.6640e-02],
          [-2.5941e-02,  1.0087e-02,  2.0103e-03, -1.0086e-02],
          [ 3.4980e-03, -1.4068e-02, -5.1094e-03, -1.0747e-02],
          [-1.4794e-03,  1.5178e-02,  2.0385e-02,  8.5334e-04]],

         [[-2.9248e-02, -1.1943e-03,  1.0903e-02,  2.6438e-02],
          [ 9.9698e-04, -3.0403e-02, -1.9618e-02, -3.0305e-02],
          [-1.2092e-02,  2.5410e-02,  1.0267e-02,  8.0534e-03],
          [-2.7947e-02, -2.7071e-02, -2.5167e-02,  3.7285e-04]],

         [[-1.9694e-02, -1.3672e-02, -1.2895e-02,  2.1196e-02],
          [-2.5070e-02,  2.2420e-02,  3.4077e-02,  1.7943e-02],
          [-2.3607e-02,  2.6920e-02,  1.2762e-02,  1.2021e-02],
          [-2.3000e-02, -1.9944e-03,  3.1928e-02,  1.2963e-02]]],


        [[[-2.6623e-02, -8.6020e-03, -2.4746e-03, -2.4648e-02],
          [ 4.5945e-03,  3.0640e-02,  2.4780e-02, -2.4807e-02],
          [ 8.3286e-03,  8.6139e-03, -2.2957e-02, -1.6718e-02],
          [-3.9655e-04,  2.0231e-02, -2.3750e-02, -6.9287e-03]],

         [[-2.3348e-02, -2.7879e-02,  5.9191e-03,  1.1043e-02],
          [ 2.8259e-02, -2.1974e-02, -2.2604e-02, -1.2007e-02],
          [ 9.5186e-03,  1.6440e-02,  9.8893e-03, -3.0573e-02],
          [-1.4961e-02, -1.9750e-02,  1.0464e-02,  1.8749e-02]],

         [[ 2.6999e-02, -1.9907e-02,  2.0244e-02,  1.9114e-02],
          [-1.4608e-02,  2.9168e-02, -3.7151e-03, -9.2791e-03],
          [ 3.4965e-03,  2.1548e-02,  1.5542e-02,  1.4007e-02],
          [ 1.8192e-02, -1.6764e-02,  1.4410e-02,  1.5883e-02]],

         ...,

         [[ 1.4749e-03,  1.3508e-02,  1.8707e-02, -2.4141e-03],
          [-1.5529e-02,  2.3344e-02,  1.8253e-02, -1.4389e-02],
          [ 2.1714e-02,  1.8757e-04,  2.1867e-03,  1.8228e-02],
          [-5.6321e-03,  1.4571e-02,  1.0930e-02,  1.8756e-02]],

         [[-2.3279e-02, -1.7369e-02, -1.6500e-02, -3.5434e-03],
          [-1.6051e-02,  2.7862e-02, -2.9181e-02, -2.5948e-02],
          [ 2.6302e-02,  2.8690e-02, -3.0871e-02,  5.6204e-03],
          [-7.6468e-04, -2.5912e-02,  1.6245e-02, -5.8680e-04]],

         [[ 7.3680e-03,  2.4707e-02, -6.3940e-03,  2.9655e-02],
          [-6.7824e-03,  1.1858e-02, -1.8166e-03, -4.8489e-03],
          [ 2.2008e-02, -1.5209e-02, -6.9685e-03, -3.0340e-02],
          [ 2.6503e-02,  2.7979e-02, -2.3048e-02,  2.4358e-02]]],


        [[[ 2.2393e-02, -2.7584e-02, -1.4643e-02,  2.9404e-02],
          [ 1.2564e-02, -5.2313e-03,  1.1866e-02,  1.5383e-02],
          [ 4.3307e-03, -7.1870e-03, -7.3242e-03,  1.0809e-02],
          [-2.3820e-02,  2.9876e-02,  8.4517e-03, -8.6727e-03]],

         [[ 1.3042e-02, -2.7088e-02,  1.5292e-02, -1.3848e-02],
          [-2.9679e-03,  5.1444e-04, -2.4711e-02,  2.7789e-03],
          [-1.6713e-02,  8.5272e-03,  1.2994e-02, -2.0642e-02],
          [ 2.4347e-02,  7.5984e-03,  1.2167e-02, -1.3243e-02]],

         [[-1.1042e-02, -2.1555e-02, -2.2550e-02,  2.4795e-02],
          [ 1.6839e-02,  1.7883e-02, -1.4217e-02, -4.7714e-03],
          [ 1.4883e-02,  6.5296e-03,  1.0360e-03,  8.5764e-05],
          [-8.0355e-03, -2.4937e-02,  4.9694e-04,  3.3250e-02]],

         ...,

         [[-1.4293e-02,  2.6126e-02, -2.1161e-02, -2.5756e-04],
          [-2.6567e-02,  1.8025e-02,  8.4952e-03,  2.5914e-02],
          [ 2.3205e-02, -1.3727e-02,  2.3354e-02, -3.3949e-02],
          [-9.6024e-03,  1.7487e-02, -8.0575e-03,  2.3100e-02]],

         [[-2.0444e-03, -2.2470e-02,  3.0971e-02,  2.1984e-02],
          [ 9.5098e-03, -2.3216e-02, -1.1668e-02,  1.8588e-02],
          [-4.1996e-03, -8.2217e-03, -1.5879e-04, -7.9753e-03],
          [ 4.4991e-03,  2.4820e-02,  1.9980e-03,  1.7301e-02]],

         [[ 2.4207e-02, -7.4135e-03,  1.9488e-02,  1.1558e-02],
          [ 1.5324e-02,  1.1950e-02,  2.2122e-02,  1.2378e-02],
          [ 3.1724e-04,  2.2605e-02, -1.2724e-02, -2.8166e-02],
          [-1.8203e-02,  5.0314e-03, -4.9672e-03, -1.6093e-02]]]],
       device='cuda:0', requires_grad=True)
  layer4.bias: Parameter containing:
tensor([ 0.0172,  0.0382,  0.0262,  0.0360,  0.0349,  0.0263, -0.0174,  0.0342,
         0.0079, -0.0155,  0.0088, -0.0232,  0.0240, -0.0315,  0.0413,  0.0289,
        -0.0358, -0.0027, -0.0110,  0.0293,  0.0323,  0.0202,  0.0236,  0.0349,
        -0.0313, -0.0413, -0.0097, -0.0349, -0.0196,  0.0317, -0.0216, -0.0315,
         0.0396,  0.0131,  0.0367,  0.0060,  0.0381, -0.0417,  0.0220, -0.0387,
        -0.0340,  0.0411, -0.0240,  0.0332, -0.0452,  0.0244,  0.0166,  0.0280,
         0.0311, -0.0090, -0.0077,  0.0066,  0.0351, -0.0279, -0.0253, -0.0071,
         0.0239,  0.0225, -0.0248, -0.0058,  0.0418, -0.0274,  0.0188, -0.0231],
       device='cuda:0', requires_grad=True)
  layer5.weight: Parameter containing:
tensor([[[[ 1.9676e-02, -3.7419e-02, -7.0463e-03, -1.4827e-03],
          [-3.2016e-02,  1.2933e-02, -7.0096e-03,  1.8450e-02],
          [-2.1992e-02,  3.1527e-02, -3.8942e-02,  3.3926e-02],
          [-1.4583e-02, -2.1747e-02,  1.7298e-02, -1.2383e-02]],

         [[-1.7862e-02,  3.1396e-02, -2.7446e-02, -1.6795e-02],
          [ 4.4290e-02,  7.2135e-04,  4.2008e-02,  6.8551e-03],
          [ 4.0074e-02, -2.7789e-02,  9.4053e-03, -1.1100e-02],
          [-3.3588e-02, -4.2234e-03, -3.1494e-02,  1.6835e-02]],

         [[-6.6457e-03,  1.9512e-02,  3.1871e-02, -4.1012e-02],
          [-4.4000e-03, -2.5476e-02, -3.8491e-02, -2.7999e-02],
          [ 3.6784e-02,  2.9886e-02, -2.9928e-02,  3.7269e-02],
          [ 1.8982e-02, -1.2999e-02, -9.4722e-03,  7.7281e-03]],

         ...,

         [[-2.2670e-02, -3.8941e-02,  4.2186e-02,  2.7794e-02],
          [-3.6122e-02,  4.6799e-03, -2.5028e-02,  3.9479e-02],
          [ 8.2507e-03,  4.0971e-02,  1.6212e-04, -1.9000e-02],
          [ 3.7673e-02, -1.9904e-02,  3.4655e-03,  3.5101e-02]],

         [[ 3.2752e-02,  3.7578e-02,  2.2628e-02, -1.8304e-02],
          [-6.5299e-03, -1.6134e-02, -2.1462e-02,  4.4789e-03],
          [-7.2774e-03,  1.1423e-02, -9.8605e-04, -1.6033e-02],
          [ 3.2323e-02, -1.3713e-02, -1.1062e-02,  1.5986e-02]],

         [[ 2.6379e-02, -3.2716e-03, -4.0014e-02, -1.7727e-02],
          [-6.5430e-03,  3.0628e-02,  3.8696e-02, -1.0348e-02],
          [ 4.2739e-02, -2.9492e-02,  1.7695e-02,  1.2961e-02],
          [-8.5499e-03,  1.5067e-02, -1.4161e-02, -7.2420e-05]]],


        [[[ 2.5368e-02, -2.6556e-02,  2.1416e-02, -2.3525e-02],
          [-3.9012e-02, -2.2038e-02, -2.4405e-02,  2.7516e-02],
          [ 1.8636e-02, -1.2290e-02,  1.7870e-02, -2.6209e-03],
          [-1.1466e-02, -2.1471e-02, -3.7164e-02,  9.9996e-03]],

         [[ 1.7771e-02,  7.3381e-03,  3.0971e-02,  2.7203e-02],
          [ 2.5567e-02, -3.0651e-03,  1.8802e-02, -8.3940e-04],
          [ 9.8705e-03, -4.9926e-02,  2.1416e-02, -1.6731e-02],
          [ 2.7891e-02,  1.6157e-02, -1.1106e-02, -3.6899e-02]],

         [[-2.8319e-02, -2.1404e-02,  6.0249e-03,  2.9085e-02],
          [-3.7766e-02, -9.3609e-03,  1.2291e-02,  7.7423e-03],
          [ 2.7476e-02, -3.6723e-02, -3.7116e-03, -4.1027e-02],
          [ 4.4686e-02,  3.5471e-02,  9.0131e-03,  1.8499e-02]],

         ...,

         [[-4.1275e-02,  1.7148e-02, -2.0536e-02,  3.9564e-03],
          [-9.9664e-03, -2.8677e-02,  1.1512e-02, -2.7625e-02],
          [ 3.3941e-02, -4.3690e-02,  2.6773e-03,  3.2096e-02],
          [ 6.7496e-04,  1.6673e-02, -3.0337e-02, -1.4771e-02]],

         [[-3.3775e-02,  1.4988e-02, -2.7637e-02, -1.5373e-02],
          [ 2.1536e-02,  5.2563e-02,  3.6478e-02,  4.4895e-02],
          [ 3.2546e-02,  4.2826e-02,  8.7476e-04, -2.6701e-02],
          [-1.5241e-02, -2.4048e-02, -2.2745e-02,  4.1559e-02]],

         [[ 1.8630e-02, -5.2703e-04, -1.5250e-02,  3.9657e-02],
          [-6.9224e-03,  3.0945e-02,  3.8746e-02,  3.3594e-03],
          [ 4.5541e-02, -9.8780e-03, -2.4942e-02, -4.2672e-02],
          [-4.2758e-02,  5.7848e-03, -3.0037e-02, -5.5919e-03]]],


        [[[ 9.7342e-03, -1.9672e-02,  1.6508e-02,  3.7847e-02],
          [-4.0037e-02, -7.8401e-03,  1.6813e-02, -2.9488e-02],
          [ 2.5298e-02,  1.3282e-02,  2.2229e-02,  3.8703e-02],
          [ 1.3059e-02, -1.3797e-02,  4.1251e-02, -5.7130e-03]],

         [[ 4.2529e-02,  2.6264e-02,  1.0179e-02, -5.8854e-03],
          [-1.2975e-03,  2.1080e-02,  1.1901e-02, -1.7446e-02],
          [-2.7105e-02,  9.5877e-03,  2.5993e-02,  2.9885e-02],
          [-5.2256e-03, -7.4606e-03,  4.2055e-02, -1.0226e-02]],

         [[ 3.5715e-02, -5.0525e-03,  4.2592e-02, -2.9737e-02],
          [-1.4924e-02,  2.6664e-02, -6.0881e-03, -1.9600e-02],
          [ 1.1528e-02, -3.8169e-02,  4.2108e-02, -3.8174e-02],
          [ 2.7370e-02, -3.9316e-03, -3.4301e-02, -2.9697e-02]],

         ...,

         [[ 3.3237e-03,  3.4949e-02, -1.5831e-02,  2.5962e-02],
          [ 4.1456e-02,  3.9691e-02, -2.6851e-03,  2.4371e-02],
          [-3.4224e-02, -4.0103e-02, -3.9303e-03,  1.9223e-02],
          [-1.5297e-02, -2.8588e-02, -1.9634e-02, -2.0990e-02]],

         [[-9.6330e-03, -2.3305e-02,  2.0310e-02,  2.9748e-02],
          [-1.0779e-02,  5.9031e-03,  3.6072e-02, -3.5394e-02],
          [-6.6488e-04, -2.9203e-02,  3.2150e-02,  1.5242e-02],
          [ 5.4281e-03,  3.5193e-02, -1.8515e-02,  2.9649e-02]],

         [[ 2.6719e-02,  3.7754e-02, -1.8213e-02, -1.3750e-02],
          [ 3.1995e-02,  6.3588e-03, -1.0843e-02, -3.6005e-03],
          [-2.6337e-02,  3.6202e-02, -1.4175e-02,  3.9389e-02],
          [-3.5006e-02, -3.8015e-02, -3.3897e-02,  1.7671e-02]]],


        ...,


        [[[ 2.2276e-02, -3.1115e-02, -1.1368e-02, -3.4113e-02],
          [ 3.6256e-03,  2.6746e-03,  2.1165e-02, -1.7708e-02],
          [-2.5555e-02,  3.4822e-03,  6.8422e-03,  1.3352e-02],
          [-2.5059e-02,  3.6931e-02, -2.4375e-02, -2.2151e-02]],

         [[-6.3345e-03, -2.4864e-02,  1.0267e-02,  3.2320e-02],
          [-9.7702e-03, -3.8530e-02, -3.5566e-03,  1.7856e-02],
          [-5.8397e-03, -1.8730e-02, -9.5196e-04,  2.7225e-02],
          [-2.0868e-02,  3.4210e-02,  5.7773e-03,  9.4809e-03]],

         [[ 2.2276e-02, -3.9759e-02, -2.3685e-02, -2.2172e-02],
          [-1.2780e-02, -2.4030e-02, -1.6431e-02, -2.3551e-02],
          [-5.9506e-04,  9.9125e-03,  1.0811e-02,  2.0355e-02],
          [ 4.5021e-02, -3.4944e-02, -1.4297e-02,  4.0205e-02]],

         ...,

         [[ 9.3197e-03,  8.0472e-03, -1.2944e-02,  4.3780e-02],
          [-4.1467e-02, -2.1909e-02,  2.9593e-02,  3.4097e-02],
          [-1.7210e-03, -4.1423e-02,  3.0076e-02,  9.7377e-03],
          [-4.8412e-03, -1.8858e-02, -3.9368e-02,  2.4851e-02]],

         [[-3.5562e-02,  9.8981e-03, -3.8076e-02, -4.4199e-02],
          [ 3.1472e-02, -2.8152e-02,  2.3320e-02, -1.8633e-02],
          [ 2.2275e-02, -2.3438e-02, -2.5134e-02, -3.9843e-02],
          [-7.9878e-03, -2.2181e-02,  2.3301e-02,  3.7113e-02]],

         [[-2.5335e-02,  3.1750e-02,  8.6908e-03, -3.6498e-02],
          [-3.0100e-02, -8.0383e-03,  2.6089e-02,  1.1087e-03],
          [-3.0004e-02,  1.8046e-02,  3.3598e-02,  3.7640e-03],
          [-3.4754e-02, -3.2005e-02, -4.2168e-03, -3.3909e-02]]],


        [[[ 2.3222e-02, -2.7114e-02,  3.6906e-03, -2.6653e-03],
          [-3.0423e-02, -3.2731e-02, -1.7984e-02, -2.6511e-02],
          [ 5.3834e-03, -3.0243e-02, -4.1145e-02,  3.3978e-02],
          [ 4.1869e-02,  1.3460e-02, -1.9988e-02,  3.0909e-02]],

         [[ 1.2023e-02, -5.8991e-03, -2.3106e-02,  2.6057e-02],
          [-4.2524e-04, -9.5959e-03, -1.7752e-02,  2.6592e-02],
          [-3.2172e-02, -2.7899e-02, -3.1453e-02, -2.0582e-02],
          [ 3.0153e-02,  2.6110e-02,  2.3919e-02,  2.0285e-02]],

         [[-2.1200e-02,  2.5478e-02,  8.0219e-03,  1.9044e-02],
          [-1.5761e-02,  1.0469e-02,  3.7590e-03, -1.0454e-02],
          [-1.4797e-02,  5.3742e-03, -3.0315e-02,  1.7361e-02],
          [ 3.8674e-02,  4.2526e-02,  2.9526e-03,  3.8549e-02]],

         ...,

         [[ 2.4256e-02,  5.0247e-03, -2.0060e-02, -3.8437e-02],
          [ 2.4668e-02, -2.0040e-02, -4.0395e-02,  5.4529e-04],
          [ 1.8054e-02, -7.3664e-03, -3.8297e-02, -3.9040e-02],
          [ 4.0512e-02, -1.5063e-02, -1.1649e-02,  2.9315e-02]],

         [[ 2.1604e-02, -1.3436e-02,  1.3115e-02, -8.3017e-03],
          [-3.6045e-02, -1.8868e-02, -1.6087e-02,  2.6268e-02],
          [-3.2455e-02,  1.1108e-02, -2.3690e-02,  1.0399e-02],
          [-3.2150e-02, -3.6151e-03, -1.2423e-02,  3.4410e-03]],

         [[ 2.1049e-02,  3.5647e-02,  2.7301e-02, -1.8150e-02],
          [-3.0031e-02,  1.4227e-02, -2.7574e-02,  1.7861e-02],
          [-1.1122e-02,  2.7451e-02,  1.6568e-02,  1.8499e-02],
          [ 1.6677e-02, -2.3660e-02, -1.9615e-02, -1.4333e-02]]],


        [[[ 8.2146e-03,  7.3576e-03, -2.4871e-03,  3.3924e-02],
          [-1.3275e-02,  2.3282e-02, -4.5661e-02, -1.5062e-02],
          [-1.5661e-02, -3.6241e-02,  1.9688e-02, -1.3674e-02],
          [ 2.9362e-02, -2.4739e-02, -4.5057e-03,  7.2689e-03]],

         [[-4.0882e-02,  2.4686e-02, -2.1604e-02, -2.9200e-02],
          [-2.8957e-02,  3.9957e-02, -1.8611e-02,  6.2681e-03],
          [-2.6191e-02, -4.7538e-02,  3.0641e-02, -4.7513e-03],
          [ 2.2513e-02, -3.9708e-03, -3.3443e-02, -3.7980e-02]],

         [[-3.1251e-02,  1.0094e-02, -9.4650e-03, -1.9276e-02],
          [ 1.5984e-02, -6.7276e-03, -1.3292e-02,  2.0736e-03],
          [-3.5777e-02,  1.3412e-02,  2.1445e-02,  3.9533e-02],
          [-3.2228e-02, -9.4540e-03,  4.2048e-02, -1.1969e-02]],

         ...,

         [[ 3.0784e-02,  8.3487e-03,  2.4660e-02,  3.1901e-02],
          [ 3.4628e-02, -3.6620e-02, -4.6779e-02, -4.2437e-02],
          [-4.1845e-03, -2.4558e-02, -1.1641e-02, -3.1008e-02],
          [-1.3968e-02, -2.1470e-02, -6.6233e-03, -1.5560e-02]],

         [[-1.4948e-02, -3.0585e-02,  3.3577e-02, -1.0776e-02],
          [-4.1086e-02,  3.6709e-02, -4.9464e-03,  1.1484e-02],
          [-1.2890e-03, -7.1213e-03, -2.6811e-02,  3.2128e-02],
          [-1.2788e-02,  9.3183e-03,  3.4139e-02,  1.7165e-02]],

         [[-2.8553e-02,  3.4060e-02, -2.8127e-02,  3.1433e-02],
          [ 1.7840e-02,  1.9510e-02,  8.1588e-03, -4.0402e-02],
          [-3.2171e-02,  8.0961e-03,  1.4784e-02, -1.4842e-02],
          [-4.1430e-02,  1.1997e-02,  6.9245e-03,  1.4056e-02]]]],
       device='cuda:0', requires_grad=True)
  layer5.bias: Parameter containing:
tensor([-0.0051,  0.0099, -0.0707, -0.0041,  0.0555,  0.0565,  0.0634, -0.0058,
         0.0514, -0.0010,  0.0046, -0.0679,  0.0039,  0.0127, -0.0657, -0.0418,
         0.0193, -0.0663, -0.0146,  0.0226,  0.0204,  0.0025, -0.0521,  0.0237,
        -0.0016, -0.0591,  0.0268, -0.0045, -0.0302, -0.0188,  0.0343,  0.0121],
       device='cuda:0', requires_grad=True)
  layer6.weight: Parameter containing:
tensor([[[[ 0.1294]],

         [[ 0.0432]],

         [[ 0.0878]],

         [[-0.0914]],

         [[-0.1211]],

         [[-0.1324]],

         [[-0.1415]],

         [[-0.0338]],

         [[-0.0937]],

         [[ 0.0332]],

         [[-0.1048]],

         [[ 0.1359]],

         [[-0.0338]],

         [[-0.0257]],

         [[ 0.0431]],

         [[ 0.0631]],

         [[-0.1472]],

         [[ 0.1316]],

         [[-0.1168]],

         [[-0.1338]],

         [[-0.0731]],

         [[-0.0610]],

         [[ 0.0270]],

         [[-0.1443]],

         [[ 0.0837]],

         [[ 0.0408]],

         [[-0.0202]],

         [[ 0.0187]],

         [[ 0.0169]],

         [[ 0.0589]],

         [[-0.0584]],

         [[-0.0868]]]], device='cuda:0', requires_grad=True)
  layer6.bias: Parameter containing:
tensor([-0.0497], device='cuda:0', requires_grad=True)

